[
    48,
    18402,
    1538,
    18950,
    19392,
    16,
    49,
    95,
    60,
    18815,
    826,
    22,
    28457,
    338,
    8313,
    12621,
    3021,
    4528,
    8728,
    3290,
    26489,
    15545,
    15764,
    146,
    3540,
    15775,
    10602,
    10431,
    12622,
    837,
    17581,
    141,
    14,
    1274,
    17866,
    54,
    13062,
    118,
    93,
    7051,
    763,
    660,
    21385,
    847,
    30090,
    26528,
    802,
    17449,
    218,
    17582,
    3853,
    799,
    18700,
    21386,
    19256,
    7390,
    19942,
    20028,
    15740,
    21,
    10,
    5997,
    15399,
    16696,
    8391,
    18284,
    9526,
    819,
    13120,
    148,
    42,
    13766,
    38,
    485,
    20876,
    486,
    867,
    18403,
    17865,
    126,
    29139,
    1,
    29971,
    13381,
    7101,
    4992,
    7110,
    5122,
    55,
    58,
    56,
    15741,
    23372,
    487,
    51,
    28982,
    17314,
    313,
    3854,
    3312,
    8198,
    7186,
    7187,
    8199,
    876,
    135,
    136,
    27,
    30074,
    8996,
    59,
    21161,
    19257,
    82,
    9355,
    150,
    17448,
    3311,
    7221,
    519,
    43,
    10453,
    1208,
    11187,
    11389,
    7178,
    318,
    2438,
    7231,
    23,
    29,
    23429,
    13972,
    10938,
    10939,
    19027,
    19028,
    19136,
    6,
    20231,
    149,
    140,
    6063,
    8451,
    30,
    47,
    27155,
    7232,
    18458,
    15630,
    11390,
    28289,
    214,
    23578,
    18497,
    19902,
    20023,
    13217,
    4153,
    7,
    7233,
    52,
    53,
    3289,
    10220,
    26693,
    7063,
    44,
    41,
    45,
    19804,
    294,
    9331
]